// RBT Group Project
// Group: Red White and Blue Tree
// Members: Andrew Crotwell, Faith Ota, Ben Collett,
//         Mac Johnson, Jonathan Humphries
// Date Last Edited: 12/7/2024
// Date Due: 12/8/2024

0    0    0    0    0    0    0    0    0    0    0    0    0    0    0    0
0    0    0    0    0    0    0    0    0    0    0    0    0    0    0    0
0    0    0    0    0    0    0    0    0    0    0    0    0    0    0    0
0    0    0    0    0    0    1    1    1    1    1    0    0    0    0    0
0    0    0    0    0    1    0    0    0    0    1    1    0    0    0    0
0    0    0    0    0    1    0    0    0    1    0    1    0    0    0    0
0    0    0    0    0    1    0    0    1    0    0    1    0    0    0    0
0    0    0    0    0    1    0    0    1    0    0    1    0    0    0    0
0    0    0    0    0    1    0    0    1    0    0    1    0    0    0    0
0    0    0    0    0    1    0    0    1    0    0    1    0    0    0    0
0    0    0    0    0    1    0    1    0    0    0    1    0    0    0    0
0    0    0    0    0    1    1    0    0    0    0    1    0    0    0    0
0    0    0    0    0    0    1    1    1    1    1    0    0    0    0    0
0    0    0    0    0    0    0    0    0    0    0    0    0    0    0    0
0    0    0    0    0    0    0    0    0    0    0    0    0    0    0    0
0    0    0    0    0    0    0    0    0    0    0    0    0    0    0    0
                                                                                                                                                                        
0    0    0    0    0    0    0    0    0    0    0    0    0    0    0    0
0    0    0    0    0    0    0    0    0    0    0    0    0    0    0    0
0    0    0    0    0    0    0    0    0    0    0    0    0    0    0    0
0    0    0    0    0    0    0    0    1    0    0    0    0    0    0    0
0    0    0    0    0    0    0    0    1    0    0    0    0    0    0    0
0    0    0    0    0    0    0    1    1    0    0    0    0    0    0    0
0    0    0    0    0    0    1    0    1    0    0    0    0    0    0    0
0    0    0    0    0    1    0    0    1    0    0    0    0    0    0    0
0    0    0    0    0    0    0    0    1    0    0    0    0    0    0    0
0    0    0    0    0    0    0    0    1    0    0    0    0    0    0    0
0    0    0    0    0    0    0    0    1    0    0    0    0    0    0    0
0    0    0    0    0    0    0    0    1    0    0    0    0    0    0    0
0    0    0    0    1    1    1    1    1    1    1    1    0    0    0    0
0    0    0    0    0    0    0    0    0    0    0    0    0    0    0    0
0    0    0    0    0    0    0    0    0    0    0    0    0    0    0    0
0    0    0    0    0    0    0    0    0    0    0    0    0    0    0    0
                                                                                                                                                                        
0    0    0    0    0    0    0    0    0    0    0    0    0    0    0    0
0    0    0    0    0    0    0    0    0    0    0    0    0    0    0    0
0    0    0    0    0    0    0    0    0    0    0    0    0    0    0    0
0    0    0    0    0    1    1    1    1    1    1    0    0    0    0    0
0    0    0    0    1    0    0    0    0    0    0    1    0    0    0    0
0    0    0    0    1    0    0    0    0    0    0    1    0    0    0    0
0    0    0    0    0    0    0    0    0    0    1    0    0    0    0    0
0    0    0    0    0    0    0    0    0    1    0    0    0    0    0    0
0    0    0    0    0    0    0    0    1    0    0    0    0    0    0    0
0    0    0    0    0    0    0    1    0    0    0    0    0    0    0    0
0    0    0    0    0    0    1    0    0    0    0    0    0    0    0    0
0    0    0    0    0    1    0    0    0    0    0    0    0    0    0    0
0    0    0    0    1    1    1    1    1    1    1    1    0    0    0    0
0    0    0    0    0    0    0    0    0    0    0    0    0    0    0    0
0    0    0    0    0    0    0    0    0    0    0    0    0    0    0    0
0    0    0    0    0    0    0    0    0    0    0    0    0    0    0    0
                                                                                                                                                                        
0    0    0    0    0    0    0    0    0    0    0    0    0    0    0    0
0    0    0    0    0    0    0    0    0    0    0    0    0    0    0    0
0    0    0    0    0    0    0    0    0    0    0    0    0    0    0    0
0    0    0    0    0    1    1    1    1    1    1    0    0    0    0    0
0    0    0    0    1    0    0    0    0    0    0    1    0    0    0    0
0    0    0    0    1    0    0    0    0    0    0    1    0    0    0    0
0    0    0    0    0    0    0    0    0    0    1    0    0    0    0    0
0    0    0    0    0    0    0    1    1    1    0    0    0    0    0    0
0    0    0    0    0    0    0    0    0    0    1    0    0    0    0    0
0    0    0    0    0    0    0    0    0    0    0    1    0    0    0    0
0    0    0    0    1    0    0    0    0    0    0    1    0    0    0    0
0    0    0    0    1    0    0    0    0    0    0    1    0    0    0    0
0    0    0    0    0    1    1    1    1    1    1    0    0    0    0    0
0    0    0    0    0    0    0    0    0    0    0    0    0    0    0    0
0    0    0    0    0    0    0    0    0    0    0    0    0    0    0    0
0    0    0    0    0    0    0    0    0    0    0    0    0    0    0    0
                                                                                                                                                                        
0    0    0    0    0    0    0    0    0    0    0    0    0    0    0    0
0    0    0    0    0    0    0    0    0    0    0    0    0    0    0    0
0    0    0    0    0    0    0    0    0    0    0    0    0    0    0    0
0    0    0    0    1    0    0    0    1    0    0    0    0    0    0    0
0    0    0    0    1    0    0    0    1    0    0    0    0    0    0    0
0    0    0    0    1    0    0    0    1    0    0    0    0    0    0    0
0    0    0    0    1    1    1    1    1    1    1    1    0    0    0    0
0    0    0    0    0    0    0    0    1    0    0    0    0    0    0    0
0    0    0    0    0    0    0    0    1    0    0    0    0    0    0    0
0    0    0    0    0    0    0    0    1    0    0    0    0    0    0    0
0    0    0    0    0    0    0    0    1    0    0    0    0    0    0    0
0    0    0    0    0    0    0    0    1    0    0    0    0    0    0    0
0    0    0    0    0    0    0    0    1    0    0    0    0    0    0    0
0    0    0    0    0    0    0    0    0    0    0    0    0    0    0    0
0    0    0    0    0    0    0    0    0    0    0    0    0    0    0    0
0    0    0    0    0    0    0    0    0    0    0    0    0    0    0    0
                                                                                                                                                                        
0    0    0    0    0    0    0    0    0    0    0    0    0    0    0    0
0    0    0    0    0    0    0    0    0    0    0    0    0    0    0    0
0    0    0    0    0    0    0    0    0    0    0    0    0    0    0    0
0    0    0    0    1    1    1    1    1    1    1    1    0    0    0    0
0    0    0    0    1    0    0    0    0    0    0    0    0    0    0    0
0    0    0    0    1    0    0    0    0    0    0    0    0    0    0    0
0    0    0    0    1    0    0    0    0    0    0    0    0    0    0    0
0    0    0    0    0    1    1    1    1    1    1    0    0    0    0    0
0    0    0    0    0    0    0    0    0    0    0    1    0    0    0    0
0    0    0    0    0    0    0    0    0    0    0    1    0    0    0    0
0    0    0    0    0    0    0    0    0    0    0    1    0    0    0    0
0    0    0    0    1    0    0    0    0    0    0    1    0    0    0    0
0    0    0    0    0    1    1    1    1    1    1    0    0    0    0    0
0    0    0    0    0    0    0    0    0    0    0    0    0    0    0    0
0    0    0    0    0    0    0    0    0    0    0    0    0    0    0    0
0    0    0    0    0    0    0    0    0    0    0    0    0    0    0    0
                                                                                                                                                                        
0    0    0    0    0    0    0    0    0    0    0    0    0    0    0    0
0    0    0    0    0    0    0    0    0    0    0    0    0    0    0    0
0    0    0    0    0    0    0    0    0    0    0    0    0    0    0    0
0    0    0    0    0    1    1    1    1    1    1    0    0    0    0    0
0    0    0    0    1    0    0    0    0    0    0    1    0    0    0    0
0    0    0    0    1    0    0    0    0    0    0    1    0    0    0    0
0    0    0    0    1    1    1    1    1    1    1    0    0    0    0    0
0    0    0    0    1    0    0    0    0    0    0    1    0    0    0    0
0    0    0    0    1    0    0    0    0    0    0    1    0    0    0    0
0    0    0    0    1    0    0    0    0    0    0    1    0    0    0    0
0    0    0    0    1    0    0    0    0    0    0    1    0    0    0    0
0    0    0    0    0    1    1    1    1    1    1    0    0    0    0    0
0    0    0    0    0    0    0    0    0    0    0    0    0    0    0    0
0    0    0    0    0    0    0    0    0    0    0    0    0    0    0    0
0    0    0    0    0    0    0    0    0    0    0    0    0    0    0    0
                                                                                                                                                                        
0    0    0    0    0    0    0    0    0    0    0    0    0    0    0    0
0    0    0    0    0    0    0    0    0    0    0    0    0    0    0    0
0    0    0    0    0    0    0    0    0    0    0    0    0    0    0    0
0    0    0    0    1    1    1    1    1    1    1    1    0    0    0    0
0    0    0    0    0    0    0    0    0    0    0    1    0    0    0    0
0    0    0    0    0    0    0    0    0    0    0    1    0    0    0    0
0    0    0    0    0    0    0    0    0    0    1    0    0    0    0    0
0    0    0    0    0    0    0    0    0    1    0    0    0    0    0    0
0    0    0    0    0    0    0    0    1    0    0    0    0    0    0    0
0    0    0    0    0    0    0    1    0    0    0    0    0    0    0    0
0    0    0    0    0    0    0    1    0    0    0    0    0    0    0    0
0    0    0    0    0    0    0    1    0    0    0    0    0    0    0    0
0    0    0    0    0    0    0    1    0    0    0    0    0    0    0    0
0    0    0    0    0    0    0    0    0    0    0    0    0    0    0    0
0    0    0    0    0    0    0    0    0    0    0    0    0    0    0    0
0    0    0    0    0    0    0    0    0    0    0    0    0    0    0    0
                                                                                                                                                                        
0    0    0    0    0    0    0    0    0    0    0    0    0    0    0    0
0    0    0    0    0    0    0    0    0    0    0    0    0    0    0    0
0    0    0    0    0    0    0    0    0    0    0    0    0    0    0    0
0    0    0    0    0    1    1    1    1    1    1    0    0    0    0    0
0    0    0    0    1    0    0    0    0    0    0    1    0    0    0    0
0    0    0    0    1    0    0    0    0    0    0    1    0    0    0    0
0    0    0    0    1    0    0    0    0    0    0    1    0    0    0    0
0    0    0    0    0    1    1    1    1    1    1    0    0    0    0    0
0    0    0    0    0    0    0    0    0    0    0    1    0    0    0    0
0    0    0    0    1    0    0    0    0    0    0    1    0    0    0    0
0    0    0    0    1    0    0    0    0    0    0    1    0    0    0    0
0    0    0    0    1    0    0    0    0    0    0    1    0    0    0    0
0    0    0    0    0    1    1    1    1    1    1    0    0    0    0    0
0    0    0    0    0    0    0    0    0    0    0    0    0    0    0    0
0    0    0    0    0    0    0    0    0    0    0    0    0    0    0    0
0    0    0    0    0    0    0    0    0    0    0    0    0    0    0    0
                                                                                                                                                                        
0    0    0    0    0    0    0    0    0    0    0    0    0    0    0    0
0    0    0    0    0    0    0    0    0    0    0    0    0    0    0    0
0    0    0    0    0    0    0    0    0    0    0    0    0    0    0    0
0    0    0    0    0    1    1    1    1    1    1    0    0    0    0    0
0    0    0    0    1    0    0    0    0    0    0    1    0    0    0    0
0    0    0    0    1    0    0    0    0    0    0    1    0    0    0    0
0    0    0    0    1    0    0    0    0    0    0    1    0    0    0    0
0    0    0    0    0    1    1    1    1    1    1    1    0    0    0    0
0    0    0    0    0    0    0    0    0    0    0    1    0    0    0    0
0    0    0    0    0    0    0    0    0    0    0    1    0    0    0    0
0    0    0    0    0    0    0    0    0    0    0    1    0    0    0    0
0    0    0    0    0    0    0    0    0    0    0    1    0    0    0    0
0    0    0    0    1    0    0    0    0    0    0    1    0    0    0    0
0    0    0    0    0    1    1    1    1    1    1    0    0    0    0    0
0    0    0    0    0    0    0    0    0    0    0    0    0    0    0    0
0    0    0    0    0    0    0    0    0    0    0    0    0    0    0    0
0    0    0    0    0    0    0    0    0    0    0    0    0    0    0    0
                                                                                                                                                                        
0    0    0    0    0    0    0    0    0    0    0    0    0    0    0    0
0    0    0    0    0    0    0    0    0    0    0    0    0    0    0    0
0    0    0    0    0    0    0    0    0    0    0    0    0    0    0    0
0    0    0    0    0    0    1    1    1    1    0    0    0    0    0    0
0    0    0    0    0    1    0    0    0    0    1    0    0    0    0    0
0    0    0    0    1    0    0    0    0    0    0    1    0    0    0    0
0    0    0    0    1    0    0    0    0    0    0    1    0    0    0    0
0    0    0    0    1    1    1    1    1    1    1    1    0    0    0    0
0    0    0    0    1    0    0    0    0    0    0    1    0    0    0    0
0    0    0    0    1    0    0    0    0    0    0    1    0    0    0    0
0    0    0    0    1    0    0    0    0    0    0    1    0    0    0    0
0    0    0    0    1    0    0    0    0    0    0    1    0    0    0    0
0    0    0    0    0    0    0    0    0    0    0    0    0    0    0    0
0    0    0    0    0    0    0    0    0    0    0    0    0    0    0    0
0    0    0    0    0    0    0    0    0    0    0    0    0    0    0    0
                                                                                                                                                                        
0    0    0    0    0    0    0    0    0    0    0    0    0    0    0    0
0    0    0    0    0    0    0    0    0    0    0    0    0    0    0    0
0    0    0    0    0    0    0    0    0    0    0    0    0    0    0    0
0    0    0    0    1    1    1    1    1    1    0    0    0    0    0    0
0    0    0    0    1    0    0    0    0    0    1    0    0    0    0    0
0    0    0    0    1    0    0    0    0    0    1    0    0    0    0    0
0    0    0    0    1    0    0    0    0    0    1    0    0    0    0    0
0    0    0    0    1    1    1    1    1    1    0    0    0    0    0    0
0    0    0    0    1    0    0    0    0    0    1    0    0    0    0    0
0    0    0    0    1    0    0    0    0    0    1    0    0    0    0    0
0    0    0    0    1    0    0    0    0    0    1    0    0    0    0    0
0    0    0    0    1    0    0    0    0    0    1    0    0    0    0    0
0    0    0    0    1    1    1    1    1    1    0    0    0    0    0    0
0    0    0    0    0    0    0    0    0    0    0    0    0    0    0    0
0    0    0    0    0    0    0    0    0    0    0    0    0    0    0    0
0    0    0    0    0    0    0    0    0    0    0    0    0    0    0    0
                                                                                                                                                                        
0    0    0    0    0    0    0    0    0    0    0    0    0    0    0    0
0    0    0    0    0    0    0    0    0    0    0    0    0    0    0    0
0    0    0    0    0    0    0    0    0    0    0    0    0    0    0    0
0    0    0    0    0    1    1    1    1    1    1    0    0    0    0    0
0    0    0    0    1    0    0    0    0    0    0    1    0    0    0    0
0    0    0    0    1    0    0    0    0    0    0    1    0    0    0    0
0    0    0    0    1    0    0    0    0    0    0    1    0    0    0    0
0    0    0    0    1    0    0    0    0    0    0    0    0    0    0    0
0    0    0    0    1    0    0    0    0    0    0    0    0    0    0    0
0    0    0    0    1    0    0    0    0    0    0    0    0    0    0    0
0    0    0    0    1    0    0    0    0    0    0    1    0    0    0    0
0    0    0    0    1    0    0    0    0    0    0    1    0    0    0    0
0    0    0    0    0    1    1    1    1    1    1    0    0    0    0    0
0    0    0    0    0    0    0    0    0    0    0    0    0    0    0    0
0    0    0    0    0    0    0    0    0    0    0    0    0    0    0    0
0    0    0    0    0    0    0    0    0    0    0    0    0    0    0    0
                                                                                                                                                                        
0    0    0    0    0    0    0    0    0    0    0    0    0    0    0    0
0    0    0    0    0    0    0    0    0    0    0    0    0    0    0    0
0    0    0    0    0    0    0    0    0    0    0    0    0    0    0    0
0    0    0    0    1    1    1    1    1    1    0    0    0    0    0    0
0    0    0    0    1    0    0    0    0    0    1    0    0    0    0    0
0    0    0    0    1    0    0    0    0    0    0    1    0    0    0    0
0    0    0    0    1    0    0    0    0    0    0    1    0    0    0    0
0    0    0    0    1    0    0    0    0    0    0    1    0    0    0    0
0    0    0    0    1    0    0    0    0    0    0    1    0    0    0    0
0    0    0    0    1    0    0    0    0    0    0    1    0    0    0    0
0    0    0    0    1    0    0    0    0    0    0    1    0    0    0    0
0    0    0    0    1    0    0    0    0    0    1    0    0    0    0    0
0    0    0    0    1    1    1    1    1    1    0    0    0    0    0    0
0    0    0    0    0    0    0    0    0    0    0    0    0    0    0    0
0    0    0    0    0    0    0    0    0    0    0    0    0    0    0    0
0    0    0    0    0    0    0    0    0    0    0    0    0    0    0    0
                                                                                                                                                                        
0    0    0    0    0    0    0    0    0    0    0    0    0    0    0    0
0    0    0    0    0    0    0    0    0    0    0    0    0    0    0    0
0    0    0    0    0    0    0    0    0    0    0    0    0    0    0    0
0    0    0    0    1    1    1    1    1    1    1    1    0    0    0    0
0    0    0    0    1    0    0    0    0    0    0    0    0    0    0    0
0    0    0    0    1    0    0    0    0    0    0    0    0    0    0    0
0    0    0    0    1    0    0    0    0    0    0    0    0    0    0    0
0    0    0    0    1    1    1    1    1    0    0    0    0    0    0    0
0    0    0    0    1    0    0    0    0    0    0    0    0    0    0    0
0    0    0    0    1    0    0    0    0    0    0    0    0    0    0    0
0    0    0    0    1    0    0    0    0    0    0    0    0    0    0    0
0    0    0    0    1    0    0    0    0    0    0    0    0    0    0    0
0    0    0    0    1    1    1    1    1    1    1    1    0    0    0    0
0    0    0    0    0    0    0    0    0    0    0    0    0    0    0    0
0    0    0    0    0    0    0    0    0    0    0    0    0    0    0    0
0    0    0    0    0    0    0    0    0    0    0    0    0    0    0    0
                                                                                                                                                                        
0    0    0    0    0    0    0    0    0    0    0    0    0    0    0    0
0    0    0    0    0    0    0    0    0    0    0    0    0    0    0    0
0    0    0    0    0    0    0    0    0    0    0    0    0    0    0    0
0    0    0    0    1    1    1    1    1    1    1    1    0    0    0    0
0    0    0    0    1    0    0    0    0    0    0    0    0    0    0    0
0    0    0    0    1    0    0    0    0    0    0    0    0    0    0    0
0    0    0    0    1    0    0    0    0    0    0    0    0    0    0    0
0    0    0    0    1    1    1    1    1    0    0    0    0    0    0    0
0    0    0    0    1    0    0    0    0    0    0    0    0    0    0    0
0    0    0    0    1    0    0    0    0    0    0    0    0    0    0    0
0    0    0    0    1    0    0    0    0    0    0    0    0    0    0    0
0    0    0    0    1    0    0    0    0    0    0    0    0    0    0    0
0    0    0    0    1    0    0    0    0    0    0    0    0    0    0    0
0    0    0    0    0    0    0    0    0    0    0    0    0    0    0    0
0    0    0    0    0    0    0    0    0    0    0    0    0    0    0    0
0    0    0    0    0    0    0    0    0    0    0    0    0    0    0    0
                                                                                                                                                                        
0    0    0    0    0    0    0    0    0    0    0    0    0    0    0    0
0    0    0    0    0    0    0    0    0    0    0    0    0    0    0    0
0    0    0    0    0    0    0    0    0    0    0    0    0    0    0    0
0    0    0    0    0    1    1    1    1    1    1    0    0    0    0    0
0    0    0    0    1    0    0    0    0    0    0    1    0    0    0    0
0    0    0    0    1    0    0    0    0    0    0    1    0    0    0    0
0    0    0    0    1    0    0    0    0    0    0    0    0    0    0    0
0    0    0    0    1    0    0    0    0    0    0    0    0    0    0    0
0    0    0    0    1    0    0    0    1    1    1    0    0    0    0    0
0    0    0    0    1    0    0    0    0    0    0    1    0    0    0    0
0    0    0    0    1    0    0    0    0    0    0    1    0    0    0    0
0    0    0    0    1    0    0    0    0    0    0    1    0    0    0    0
0    0    0    0    0    1    1    1    1    1    1    0    0    0    0    0
0    0    0    0    0    0    0    0    0    0    0    0    0    0    0    0
0    0    0    0    0    0    0    0    0    0    0    0    0    0    0    0
0    0    0    0    0    0    0    0    0    0    0    0    0    0    0    0
                                                                                                                                                                        
0    0    0    0    0    0    0    0    0    0    0    0    0    0    0    0
0    0    0    0    0    0    0    0    0    0    0    0    0    0    0    0
0    0    0    0    0    0    0    0    0    0    0    0    0    0    0    0
0    0    0    0    1    0    0    0    0    0    0    1    0    0    0    0
0    0    0    0    1    0    0    0    0    0    0    1    0    0    0    0
0    0    0    0    1    0    0    0    0    0    0    1    0    0    0    0
0    0    0    0    1    0    0    0    0    0    0    1    0    0    0    0
0    0    0    0    1    0    0    0    0    0    0    1    0    0    0    0
0    0    0    0    1    1    1    1    1    1    1    1    0    0    0    0
0    0    0    0    1    0    0    0    0    0    0    1    0    0    0    0
0    0    0    0    1    0    0    0    0    0    0    1    0    0    0    0
0    0    0    0    1    0    0    0    0    0    0    1    0    0    0    0
0    0    0    0    1    0    0    0    0    0    0    0    0    0    0    0
0    0    0    0    0    0    0    0    0    0    0    0    0    0    0    0
0    0    0    0    0    0    0    0    0    0    0    0    0    0    0    0
0    0    0    0    0    0    0    0    0    0    0    0    0    0    0    0
                                                                                                                                                                        
0    0    0    0    0    0    0    0    0    0    0    0    0    0    0    0
0    0    0    0    0    0    0    0    0    0    0    0    0    0    0    0
0    0    0    0    0    0    0    0    0    0    0    0    0    0    0    0
0    0    0    0    1    1    1    1    1    1    1    1    0    0    0    0
0    0    0    0    0    0    0    1    0    0    0    0    0    0    0    0
0    0    0    0    0    0    0    1    0    0    0    0    0    0    0    0
0    0    0    0    0    0    0    1    0    0    0    0    0    0    0    0
0    0    0    0    0    0    0    1    0    0    0    0    0    0    0    0
0    0    0    0    0    0    0    1    0    0    0    0    0    0    0    0
0    0    0    0    0    0    0    1    0    0    0    0    0    0    0    0
0    0    0    0    0    0    0    1    0    0    0    0    0    0    0    0
0    0    0    0    0    0    0    1    0    0    0    0    0    0    0    0
0    0    0    0    1    1    1    1    1    1    1    1    0    0    0    0
0    0    0    0    0    0    0    0    0    0    0    0    0    0    0    0
0    0    0    0    0    0    0    0    0    0    0    0    0    0    0    0
0    0    0    0    0    0    0    0    0    0    0    0    0    0    0    0
                                                                                                                                                                        
0    0    0    0    0    0    0    0    0    0    0    0    0    0    0    0
0    0    0    0    0    0    0    0    0    0    0    0    0    0    0    0
0    0    0    0    0    0    0    0    0    0    0    0    0    0    0    0
0    0    0    0    1    1    1    1    1    1    1    1    0    0    0    0
0    0    0    0    0    0    0    0    0    1    0    0    0    0    0    0
0    0    0    0    0    0    0    0    0    1    0    0    0    0    0    0
0    0    0    0    0    0    0    0    0    1    0    0    0    0    0    0
0    0    0    0    0    0    0    0    0    1    0    0    0    0    0    0
0    0    0    0    0    0    0    0    0    1    0    0    0    0    0    0
0    0    0    0    0    0    0    0    0    1    0    0    0    0    0    0
0    0    0    0    1    0    0    0    0    1    0    0    0    0    0    0
0    0    0    0    1    0    0    0    0    1    0    0    0    0    0    0
0    0    0    0    0    1    1    1    1    0    0    0    0    0    0    0
0    0    0    0    0    0    0    0    0    0    0    0    0    0    0    0
0    0    0    0    0    0    0    0    0    0    0    0    0    0    0    0
0    0    0    0    0    0    0    0    0    0    0    0    0    0    0    0
                                                                                                                                                                        
0    0    0    0    0    0    0    0    0    0    0    0    0    0    0    0
0    0    0    0    0    0    0    0    0    0    0    0    0    0    0    0
0    0    0    0    0    0    0    0    0    0    0    0    0    0    0    0
0    0    0    0    1    0    0    0    0    0    1    0    0    0    0    0
0    0    0    0    1    0    0    0    0    0    1    0    0    0    0    0
0    0    0    0    1    0    0    0    0    1    0    0    0    0    0    0
0    0    0    0    1    0    0    0    1    0    0    0    0    0    0    0
0    0    0    0    1    1    1    1    0    0    0    0    0    0    0    0
0    0    0    0    1    0    0    0    1    0    0    0    0    0    0    0
0    0    0    0    1    0    0    0    0    1    0    0    0    0    0    0
0    0    0    0    1    0    0    0    0    0    1    0    0    0    0    0
0    0    0    0    1    0    0    0    0    0    1    0    0    0    0    0
0    0    0    0    1    0    0    0    0    0    1    0    0    0    0    0
0    0    0    0    0    0    0    0    0    0    0    0    0    0    0    0
0    0    0    0    0    0    0    0    0    0    0    0    0    0    0    0
0    0    0    0    0    0    0    0    0    0    0    0    0    0    0    0
                                                                                                                                                                        
0    0    0    0    0    0    0    0    0    0    0    0    0    0    0    0
0    0    0    0    0    0    0    0    0    0    0    0    0    0    0    0
0    0    0    0    1    0    0    0    0    0    0    0    0    0    0    0
0    0    0    0    1    0    0    0    0    0    0    0    0    0    0    0
0    0    0    0    1    0    0    0    0    0    0    0    0    0    0    0
0    0    0    0    1    0    0    0    0    0    0    0    0    0    0    0
0    0    0    0    1    0    0    0    0    0    0    0    0    0    0    0
0    0    0    0    1    0    0    0    0    0    0    0    0    0    0    0
0    0    0    0    1    0    0    0    0    0    0    0    0    0    0    0
0    0    0    0    1    0    0    0    0    0    0    0    0    0    0    0
0    0    0    0    1    0    0    0    0    0    0    0    0    0    0    0
0    0    0    0    1    0    0    0    0    0    0    0    0    0    0    0
0    0    0    0    1    1    1    1    1    1    1    0    0    0    0    0
0    0    0    0    0    0    0    0    0    0    0    0    0    0    0    0
0    0    0    0    0    0    0    0    0    0    0    0    0    0    0    0
0    0    0    0    0    0    0    0    0    0    0    0    0    0    0    0
                                                                                                                                                                        
0    0    0    0    0    0    0    0    0    0    0    0    0    0    0    0
0    0    0    0    0    0    0    0    0    0    0    0    0    0    0    0
0    0    0    0    0    0    0    0    0    0    0    0    0    0    0    0
0    0    0    0    1    0    0    0    0    0    0    1    0    0    0    0
0    0    0    0    1    0    0    0    0    0    0    1    0    0    0    0
0    0    0    0    1    1    0    0    0    0    1    1    0    0    0    0
0    0    0    0    1    0    1    0    0    1    0    1    0    0    0    0
0    0    0    0    1    0    1    0    0    1    0    1    0    0    0    0
0    0    0    0    1    0    0    1    1    0    0    1    0    0    0    0
0    0    0    0    1    0    0    0    0    0    0    1    0    0    0    0
0    0    0    0    1    0    0    0    0    0    0    1    0    0    0    0
0    0    0    0    1    0    0    0    0    0    0    1    0    0    0    0
0    0    0    0    1    0    0    0    0    0    0    1    0    0    0    0
0    0    0    0    0    0    0    0    0    0    0    0    0    0    0    0
0    0    0    0    0    0    0    0    0    0    0    0    0    0    0    0
0    0    0    0    0    0    0    0    0    0    0    0    0    0    0    0
                                                                                                                                                                        
0    0    0    0    0    0    0    0    0    0    0    0    0    0    0    0
0    0    0    0    0    0    0    0    0    0    0    0    0    0    0    0
0    0    0    0    0    0    0    0    0    0    0    0    0    0    0    0
0    0    0    0    1    0    0    0    0    0    0    1    0    0    0    0
0    0    0    0    1    0    0    0    0    0    0    1    0    0    0    0
0    0    0    0    1    1    0    0    0    0    0    1    0    0    0    0
0    0    0    0    1    0    1    0    0    0    0    1    0    0    0    0
0    0    0    0    1    0    0    1    0    0    0    1    0    0    0    0
0    0    0    0    1    0    0    0    1    0    0    1    0    0    0    0
0    0    0    0    1    0    0    0    0    1    0    1    0    0    0    0
0    0    0    0    1    0    0    0    0    0    1    1    0    0    0    0
0    0    0    0    1    0    0    0    0    0    0    1    0    0    0    0
0    0    0    0    1    0    0    0    0    0    0    1    0    0    0    0
0    0    0    0    0    0    0    0    0    0    0    0    0    0    0    0
0    0    0    0    0    0    0    0    0    0    0    0    0    0    0    0
0    0    0    0    0    0    0    0    0    0    0    0    0    0    0    0
                                                                                                                                                                        
0    0    0    0    0    0    0    0    0    0    0    0    0    0    0    0
0    0    0    0    0    0    0    0    0    0    0    0    0    0    0    0
0    0    0    0    0    0    0    0    0    0    0    0    0    0    0    0
0    0    0    0    0    1    1    1    1    1    1    0    0    0    0    0
0    0    0    0    1    0    0    0    0    0    0    1    0    0    0    0
0    0    0    0    1    0    0    0    0    0    0    1    0    0    0    0
0    0    0    0    1    0    0    0    0    0    0    1    0    0    0    0
0    0    0    0    1    0    0    0    0    0    0    1    0    0    0    0
0    0    0    0    1    0    0    0    0    0    0    1    0    0    0    0
0    0    0    0    1    0    0    0    0    0    0    1    0    0    0    0
0    0    0    0    1    0    0    0    0    0    0    1    0    0    0    0
0    0    0    0    1    0    0    0    0    0    0    1    0    0    0    0
0    0    0    0    0    1    1    1    1    1    1    0    0    0    0    0
0    0    0    0    0    0    0    0    0    0    0    0    0    0    0    0
0    0    0    0    0    0    0    0    0    0    0    0    0    0    0    0
0    0    0    0    0    0    0    0    0    0    0    0    0    0    0    0
                                                                                                                                                                        
0    0    0    0    0    0    0    0    0    0    0    0    0    0    0    0
0    0    0    0    0    0    0    0    0    0    0    0    0    0    0    0
0    0    0    0    0    0    0    0    0    0    0    0    0    0    0    0
0    0    0    0    1    1    1    1    1    1    0    0    0    0    0    0
0    0    0    0    1    0    0    0    0    0    1    0    0    0    0    0
0    0    0    0    1    0    0    0    0    0    1    0    0    0    0    0
0    0    0    0    1    0    0    0    0    0    1    0    0    0    0    0
0    0    0    0    1    1    1    1    1    1    0    0    0    0    0    0
0    0    0    0    1    0    0    0    0    0    0    0    0    0    0    0
0    0    0    0    1    0    0    0    0    0    0    0    0    0    0    0
0    0    0    0    1    0    0    0    0    0    0    0    0    0    0    0
0    0    0    0    1    0    0    0    0    0    0    0    0    0    0    0
0    0    0    0    1    0    0    0    0    0    0    0    0    0    0    0
0    0    0    0    0    0    0    0    0    0    0    0    0    0    0    0
0    0    0    0    0    0    0    0    0    0    0    0    0    0    0    0
0    0    0    0    0    0    0    0    0    0    0    0    0    0    0    0
                                                                                                                                                                        
0    0    0    0    0    0    0    0    0    0    0    0    0    0    0    0
0    0    0    0    0    0    0    0    0    0    0    0    0    0    0    0
0    0    0    0    0    0    0    0    0    0    0    0    0    0    0    0
0    0    0    0    0    1    1    1    1    1    1    0    0    0    0    0
0    0    0    0    1    0    0    0    0    0    0    1    0    0    0    0
0    0    0    0    1    0    0    0    0    0    0    1    0    0    0    0
0    0    0    0    1    0    0    0    0    0    0    1    0    0    0    0
0    0    0    0    1    0    0    0    0    0    0    1    0    0    0    0
0    0    0    0    1    0    0    0    0    0    0    1    0    0    0    0
0    0    0    0    1    0    0    0    1    0    0    1    0    0    0    0
0    0    0    0    1    0    0    0    0    1    0    1    0    0    0    0
0    0    0    0    1    0    0    0    0    0    1    1    0    0    0    0
0    0    0    0    0    1    1    1    1    1    1    0    0    0    0    0
0    0    0    0    0    0    0    0    0    0    0    0    0    0    0    0
0    0    0    0    0    0    0    0    0    0    0    0    0    0    0    0
0    0    0    0    0    0    0    0    0    0    0    0    0    0    0    0
                                                                                                                                                                        
0    0    0    0    0    0    0    0    0    0    0    0    0    0    0    0
0    0    0    0    0    0    0    0    0    0    0    0    0    0    0    0
0    0    0    0    0    0    0    0    0    0    0    0    0    0    0    0
0    0    0    0    1    1    1    1    1    1    0    0    0    0    0    0
0    0    0    0    1    0    0    0    0    0    1    0    0    0    0    0
0    0    0    0    1    0    0    0    0    0    1    0    0    0    0    0
0    0    0    0    1    0    0    0    0    0    1    0    0    0    0    0
0    0    0    0    1    1    1    1    1    1    0    0    0    0    0    0
0    0    0    0    1    0    0    1    0    0    0    0    0    0    0    0
0    0    0    0    1    0    0    0    1    0    0    0    0    0    0    0
0    0    0    0    1    0    0    0    0    1    0    0    0    0    0    0
0    0    0    0    1    0    0    0    0    0    1    0    0    0    0    0
0    0    0    0    1    0    0    0    0    0    0    1    0    0    0    0
0    0    0    0    0    0    0    0    0    0    0    0    0    0    0    0
0    0    0    0    0    0    0    0    0    0    0    0    0    0    0    0
0    0    0    0    0    0    0    0    0    0    0    0    0    0    0    0
                                                                                                                                                                        
0    0    0    0    0    0    0    0    0    0    0    0    0    0    0    0
0    0    0    0    0    0    0    0    0    0    0    0    0    0    0    0
0    0    0    0    0    0    0    0    0    0    0    0    0    0    0    0
0    0    0    0    0    1    1    1    1    1    1    0    0    0    0    0
0    0    0    0    1    0    0    0    0    0    0    1    0    0    0    0
0    0    0    0    1    0    0    0    0    0    0    1    0    0    0    0
0    0    0    0    1    0    0    0    0    0    0    0    0    0    0    0
0    0    0    0    0    1    1    1    1    1    1    0    0    0    0    0
0    0    0    0    0    0    0    0    0    0    0    1    0    0    0    0
0    0    0    0    0    0    0    0    0    0    0    1    0    0    0    0
0    0    0    0    1    0    0    0    0    0    0    1    0    0    0    0
0    0    0    0    1    0    0    0    0    0    0    1    0    0    0    0
0    0    0    0    0    1    1    1    1    1    1    0    0    0    0    0
0    0    0    0    0    0    0    0    0    0    0    0    0    0    0    0
0    0    0    0    0    0    0    0    0    0    0    0    0    0    0    0
0    0    0    0    0    0    0    0    0    0    0    0    0    0    0    0
                                                                                                                                                                        
0    0    0    0    0    0    0    0    0    0    0    0    0    0    0    0
0    0    0    0    0    0    0    0    0    0    0    0    0    0    0    0
0    0    0    0    0    0    0    0    0    0    0    0    0    0    0    0
0    0    0    0    1    1    1    1    1    1    1    1    0    0    0    0
0    0    0    0    0    0    0    0    1    0    0    0    0    0    0    0
0    0    0    0    0    0    0    0    1    0    0    0    0    0    0    0
0    0    0    0    0    0    0    0    1    0    0    0    0    0    0    0
0    0    0    0    0    0    0    0    1    0    0    0    0    0    0    0
0    0    0    0    0    0    0    0    1    0    0    0    0    0    0    0
0    0    0    0    0    0    0    0    1    0    0    0    0    0    0    0
0    0    0    0    0    0    0    0    1    0    0    0    0    0    0    0
0    0    0    0    0    0    0    0    1    0    0    0    0    0    0    0
0    0    0    0    0    0    0    0    1    0    0    0    0    0    0    0
0    0    0    0    0    0    0    0    0    0    0    0    0    0    0    0
0    0    0    0    0    0    0    0    0    0    0    0    0    0    0    0
0    0    0    0    0    0    0    0    0    0    0    0    0    0    0    0
                                                                                                                                                                        
0    0    0    0    0    0    0    0    0    0    0    0    0    0    0    0
0    0    0    0    0    0    0    0    0    0    0    0    0    0    0    0
0    0    0    0    0    0    0    0    0    0    0    0    0    0    0    0
0    0    0    0    1    0    0    0    0    0    0    1    0    0    0    0
0    0    0    0    1    0    0    0    0    0    0    1    0    0    0    0
0    0    0    0    1    0    0    0    0    0    0    1    0    0    0    0
0    0    0    0    1    0    0    0    0    0    0    1    0    0    0    0
0    0    0    0    1    0    0    0    0    0    0    1    0    0    0    0
0    0    0    0    1    0    0    0    0    0    0    1    0    0    0    0
0    0    0    0    1    0    0    0    0    0    0    1    0    0    0    0
0    0    0    0    1    0    0    0    0    0    0    1    0    0    0    0
0    0    0    0    1    0    0    0    0    0    0    1    0    0    0    0
0    0    0    0    0    1    1    1    1    1    1    0    0    0    0    0
0    0    0    0    0    0    0    0    0    0    0    0    0    0    0    0
0    0    0    0    0    0    0    0    0    0    0    0    0    0    0    0
0    0    0    0    0    0    0    0    0    0    0    0    0    0    0    0
                                                                                                                                                                        
0    0    0    0    0    0    0    0    0    0    0    0    0    0    0    0
0    0    0    0    0    0    0    0    0    0    0    0    0    0    0    0
0    0    0    0    0    0    0    0    0    0    0    0    0    0    0    0
0    0    0    0    1    0    0    0    0    0    0    1    0    0    0    0
0    0    0    0    1    0    0    0    0    0    0    1    0    0    0    0
0    0    0    0    1    0    0    0    0    0    0    1    0    0    0    0
0    0    0    0    1    0    0    0    0    0    0    1    0    0    0    0
0    0    0    0    1    0    0    0    0    0    0    1    0    0    0    0
0    0    0    0    1    0    0    0    0    0    0    1    0    0    0    0
0    0    0    0    1    0    0    0    0    0    0    1    0    0    0    0
0    0    0    0    0    1    0    0    0    0    1    0    0    0    0    0
0    0    0    0    0    0    1    0    0    1    0    0    0    0    0    0
0    0    0    0    0    0    0    1    1    0    0    0    0    0    0    0
0    0    0    0    0    0    0    0    0    0    0    0    0    0    0    0
0    0    0    0    0    0    0    0    0    0    0    0    0    0    0    0
0    0    0    0    0    0    0    0    0    0    0    0    0    0    0    0
                                                                                                                                                                        
0    0    0    0    0    0    0    0    0    0    0    0    0    0    0    0
0    0    0    0    0    0    0    0    0    0    0    0    0    0    0    0
0    0    0    0    0    0    0    0    0    0    0    0    0    0    0    0
0    0    0    0    1    0    0    0    0    0    0    0    1    0    0    0
0    0    0    0    1    0    0    0    0    0    0    0    1    0    0    0
0    0    0    0    1    0    0    0    0    0    0    0    1    0    0    0
0    0    0    0    1    0    0    0    0    0    0    0    1    0    0    0
0    0    0    0    1    0    0    0    0    0    0    0    1    0    0    0
0    0    0    0    1    0    0    0    1    0    0    0    1    0    0    0
0    0    0    0    1    0    0    0    1    0    0    0    1    0    0    0
0    0    0    0    1    0    0    0    1    0    0    0    1    0    0    0
0    0    0    0    0    1    0    1    0    1    0    1    0    0    0    0
0    0    0    0    0    0    1    0    0    0    1    0    0    0    0    0
0    0    0    0    0    0    0    0    0    0    0    0    0    0    0    0
0    0    0    0    0    0    0    0    0    0    0    0    0    0    0    0
0    0    0    0    0    0    0    0    0    0    0    0    0    0    0    0
                                                                                                                                                                        
                                                                                                                                                                        
0    0    0    0    0    0    0    0    0    0    0    0    0    0    0    0
0    0    0    0    0    0    0    0    0    0    0    0    0    0    0    0
0    0    0    0    0    0    0    0    0    0    0    0    1    0    0    0
0    0    0    1    0    0    0    0    0    0    0    1    0    0    0    0
0    0    0    0    1    0    0    0    0    0    1    0    0    0    0    0
0    0    0    0    0    1    0    0    0    1    0    0    0    0    0    0
0    0    0    0    0    0    1    0    1    0    0    0    0    0    0    0
0    0    0    0    0    0    0    1    0    0    0    0    0    0    0    0
0    0    0    0    0    0    1    0    1    0    0    0    0    0    0    0
0    0    0    0    0    1    0    0    0    1    0    0    0    0    0    0
0    0    0    0    1    0    0    0    0    0    1    0    0    0    0    0
0    0    0    1    0    0    0    0    0    0    0    1    0    0    0    0
0    0    1    0    0    0    0    0    0    0    0    0    1    0    0    0
0    0    0    0    0    0    0    0    0    0    0    0    0    0    0    0
0    0    0    0    0    0    0    0    0    0    0    0    0    0    0    0
0    0    0    0    0    0    0    0    0    0    0    0    0    0    0    0
                                                                                                                                                                        
0    0    0    0    0    0    0    0    0    0    0    0    0    0    0    0
0    0    0    0    0    0    0    0    0    0    0    0    0    0    0    0
0    0    0    0    0    0    0    0    0    0    0    0    0    0    0    0
0    0    0    1    0    0    0    0    0    0    0    1    0    0    0    0
0    0    0    1    0    0    0    0    0    0    0    1    0    0    0    0
0    0    0    1    0    0    0    0    0    0    0    1    0    0    0    0
0    0    0    0    1    0    0    0    0    0    1    0    0    0    0    0
0    0    0    0    0    1    0    0    0    1    0    0    0    0    0    0
0    0    0    0    0    0    1    0    1    0    0    0    0    0    0    0
0    0    0    0    0    0    0    1    0    0    0    0    0    0    0    0
0    0    0    0    0    0    0    1    0    0    0    0    0    0    0    0
0    0    0    0    0    0    0    1    0    0    0    0    0    0    0    0
0    0    0    0    0    0    0    1    0    0    0    0    0    0    0    0
0    0    0    0    0    0    0    0    0    0    0    0    0    0    0    0
0    0    0    0    0    0    0    0    0    0    0    0    0    0    0    0
0    0    0    0    0    0    0    0    0    0    0    0    0    0    0    0
                                                                                                                                                                        
0    0    0    0    0    0    0    0    0    0    0    0    0    0    0    0
0    0    0    0    0    0    0    0    0    0    0    0    0    0    0    0
0    0    0    0    0    0    0    0    0    0    0    0    0    0    0    0
0    0    0    0    1    1    1    1    1    1    1    1    0    0    0    0
0    0    0    0    0    0    0    0    0    0    0    1    0    0    0    0
0    0    0    0    0    0    0    0    0    0    1    0    0    0    0    0
0    0    0    0    0    0    0    0    0    1    0    0    0    0    0    0
0    0    0    0    0    0    0    0    1    0    0    0    0    0    0    0
0    0    0    0    0    0    0    1    0    0    0    0    0    0    0    0
0    0    0    0    0    0    1    0    0    0    0    0    0    0    0    0
0    0    0    0    0    1    0    0    0    0    0    0    0    0    0    0
0    0    0    0    1    0    0    0    0    0    0    0    0    0    0    0
0    0    0    0    1    1    1    1    1    1    1    1    0    0    0    0
0    0    0    0    0    0    0    0    0    0    0    0    0    0    0    0
0    0    0    0    0    0    0    0    0    0    0    0    0    0    0    0
0    0    0    0    0    0    0    0    0    0    0    0    0    0    0    0
                                                                                                                                                                        
0    0    0    0    0    0    0    0    0    0    0    0    0    0    0    0
0    0    0    0    0    0    0    0    0    0    0    0    0    0    0    0
0    0    0    0    0    0    0    0    0    0    0    0    0    0    0    0
0    0    0    0    0    0    0    0    0    0    0    0    0    0    0    0
0    0    0    0    0    0    0    0    0    0    0    0    0    0    0    0
0    0    0    0    0    0    0    0    0    0    0    0    0    0    0    0
0    0    0    0    0    0    0    0    0    0    0    0    0    0    0    0
0    0    0    0    0    0    0    0    0    0    0    0    0    0    0    0
0    0    0    0    0    0    0    0    0    0    0    0    0    0    0    0
0    0    0    0    0    0    0    0    0    0    0    0    0    0    0    0
0    0    0    0    0    0    0    0    0    0    0    0    0    0    0    0
0    0    0    0    1    1    0    0    0    0    0    0    0    0    0    0
0    0    0    0    1    1    0    0    0    0    0    0    0    0    0    0
0    0    0    0    0    0    0    0    0    0    0    0    0    0    0    0
0    0    0    0    0    0    0    0    0    0    0    0    0    0    0    0
0    0    0    0    0    0    0    0    0    0    0    0    0    0    0    0
                                                                                                                                                                        
0    0    0    0    0    0    0    0    0    0    0    0    0    0    0    0
0    0    0    0    0    0    0    0    0    0    0    0    0    0    0    0
0    0    0    0    0    0    0    0    0    0    0    0    0    0    0    0
0    0    0    0    0    0    0    1    1    0    0    0    0    0    0    0
0    0    0    0    0    0    0    1    1    0    0    0    0    0    0    0
0    0    0    0    0    0    0    1    1    0    0    0    0    0    0    0
0    0    0    0    0    0    0    1    1    0    0    0    0    0    0    0
0    0    0    0    0    0    0    1    1    0    0    0    0    0    0    0
0    0    0    0    0    0    0    1    1    0    0    0    0    0    0    0
0    0    0    0    0    0    0    1    1    0    0    0    0    0    0    0
0    0    0    0    0    0    0    0    0    0    0    0    0    0    0    0
0    0    0    0    0    0    0    1    1    0    0    0    0    0    0    0
0    0    0    0    0    0    0    1    1    0    0    0    0    0    0    0
0    0    0    0    0    0    0    0    0    0    0    0    0    0    0    0
0    0    0    0    0    0    0    0    0    0    0    0    0    0    0    0
0    0    0    0    0    0    0    0    0    0    0    0    0    0    0    0
                                                                                                                                                                        
0    0    0    0    0    0    0    0    0    0    0    0    0    0    0    0
0    0    0    0    0    0    0    0    0    0    0    0    0    0    0    0
0    0    0    0    0    0    0    0    0    0    0    0    0    0    0    0
0    0    0    0    0    1    1    1    1    1    1    0    0    0    0    0
0    0    0    0    1    0    0    0    0    0    0    1    0    0    0    0
0    0    0    0    1    0    0    0    0    0    0    1    0    0    0    0
0    0    0    0    0    0    0    0    0    0    0    1    0    0    0    0
0    0    0    0    0    0    0    0    0    0    1    0    0    0    0    0
0    0    0    0    0    0    0    0    0    1    0    0    0    0    0    0
0    0    0    0    0    0    0    0    1    0    0    0    0    0    0    0
0    0    0    0    0    0    0    0    0    0    0    0    0    0    0    0
0    0    0    0    0    0    0    0    1    0    0    0    0    0    0    0
0    0    0    0    0    0    0    0    1    0    0    0    0    0    0    0
0    0    0    0    0    0    0    0    0    0    0    0    0    0    0    0
0    0    0    0    0    0    0    0    0    0    0    0    0    0    0    0
0    0    0    0    0    0    0    0    0    0    0    0    0    0    0    0
                                                                                                                                                                        
0    0    0    0    0    0    0    0    0    0    0    0    0    0    0    0
0    0    0    0    0    0    0    0    0    0    0    0    0    0    0    0
0    0    0    0    0    0    0    0    0    0    0    0    0    0    0    0
0    0    0    0    0    0    0    0    0    0    0    0    0    0    0    0
0    0    0    0    0    0    0    0    0    0    0    0    0    0    0    0
0    0    0    0    0    0    0    0    0    0    0    0    0    0    0    0
0    0    0    0    0    0    0    0    0    0    0    0    0    0    0    0
0    0    0    0    0    0    0    0    0    0    0    0    0    0    0    0
0    0    0    0    0    0    0    0    0    0    0    0    0    0    0    0
0    0    0    0    1    1    0    0    0    0    0    0    0    0    0    0
0    0    0    0    1    1    0    0    0    0    0    0    0    0    0    0
0    0    0    0    0    1    0    0    0    0    0    0    0    0    0    0
0    0    0    0    1    0    0    0    0    0    0    0    0    0    0    0
0    0    0    0    0    0    0    0    0    0    0    0    0    0    0    0
0    0    0    0    0    0    0    0    0    0    0    0    0    0    0    0
0    0    0    0    0    0    0    0    0    0    0    0    0    0    0    0
                                                                                                                                                                        
                                                                                                                                                                        
                                                                                                                                                                        
                                                                                                                                                                        
                                                                                                                                                                        
                                                                                                                                                                        
                                                                                                                                                                        
                                                                                                                                                                        
                                                                                                                                                                        
                                                                                                                                                                        
                                                                                                                                                                        
                                                                                                                                                                        
                                                                                                                                                                        
                                                                                                                                                                        
                                                                                                                                                                        
                                                                                                                                                                        
                                                                                                                                                                        

